newmesh
p -10 18 -20 1
p 10 3e-06 -20 1
p -10 3e-06 -20 1
p 10 3e-06 -20 1
p -10 -3e-06 20 1
p -10 3e-06 -20 1
p 10 18 -20 1
p 10 -3e-06 20 1
p 10 3e-06 -20 1
p 10 18 20 1
p -10 -3e-06 20 1
p 10 -3e-06 20 1
p -10 -3e-06 20 1
p -10 18 -20 1
p -10 3e-06 -20 1
p -10 18 -20 1
p 10 18 20 1
p 10 18 -20 1
p -10 18 -20 1
p 10 18 -20 1
p 10 3e-06 -20 1
p 10 3e-06 -20 1
p 10 -3e-06 20 1
p -10 -3e-06 20 1
p 10 18 -20 1
p 10 18 20 1
p 10 -3e-06 20 1
p 10 18 20 1
p -10 18 20 1
p -10 -3e-06 20 1
p -10 -3e-06 20 1
p -10 18 20 1
p -10 18 -20 1
p -10 18 -20 1
p -10 18 20 1
p 10 18 20 1
n 0 0 -1
n 0 0 -1
n 0 0 -1
n 0 -1 -0
n 0 -1 -0
n 0 -1 -0
n 1 0 0
n 1 0 0
n 1 0 0
n 0 -0 1
n 0 -0 1
n 0 -0 1
n -1 -0 0
n -1 -0 0
n -1 -0 0
n 0 1 0
n 0 1 0
n 0 1 0
n 0 0 -1
n 0 0 -1
n 0 0 -1
n 0 -1 -0
n 0 -1 -0
n 0 -1 -0
n 1 0 0
n 1 0 0
n 1 0 0
n 0 -0 1
n 0 -0 1
n 0 -0 1
n -1 -0 0
n -1 -0 0
n -1 -0 0
n 0 1 0
n 0 1 0
n 0 1 0
t 0.5862 0.5692
t 0.5642 0.4764
t 0.583 0.5033
t 0.5642 0.4764
t 0.4482 0.519
t 0.583 0.5033
t 0.567 0.5505
t 0.4146 0.4966
t 0.5642 0.4764
t 0.4104 0.5643
t 0.4482 0.519
t 0.4146 0.4966
t 0.4482 0.519
t 0.5862 0.5692
t 0.583 0.5033
t 0.5862 0.5692
t 0.4104 0.5643
t 0.567 0.5505
t 0.5862 0.5692
t 0.567 0.5505
t 0.5642 0.4764
t 0.5642 0.4764
t 0.4146 0.4966
t 0.4482 0.519
t 0.567 0.5505
t 0.4104 0.5643
t 0.4146 0.4966
t 0.4104 0.5643
t 0.4458 0.5799
t 0.4482 0.519
t 0.4482 0.519
t 0.4458 0.5799
t 0.5862 0.5692
t 0.5862 0.5692
t 0.4458 0.5799
t 0.4104 0.5643
i 0
i 1
i 2
i 3
i 4
i 5
i 6
i 7
i 8
i 9
i 10
i 11
i 12
i 13
i 14
i 15
i 16
i 17
i 18
i 19
i 20
i 21
i 22
i 23
i 24
i 25
i 26
i 27
i 28
i 29
i 30
i 31
i 32
i 33
i 34
i 35
newmaterial
ka 0.3 0.15 0
kd 0.9 0.7 0
ks 1 0.9 0
ns 17.6471
d 1
endmaterial
endmesh
