newmesh
p 0.5 0 -0.5 1
p -0.5 -0 0.5 1
p -0.5 0 -0.5 1
p -0.5 1 -0.5 1
p 0.499999 1 0.5 1
p 0.5 1 -0.499999 1
p 0.5 1 -0.499999 1
p 0.5 -0 0.5 1
p 0.5 0 -0.5 1
p 0.499999 1 0.5 1
p -0.5 -0 0.5 1
p 0.5 -0 0.5 1
p -0.5 1 0.5 1
p -0.5 0 -0.5 1
p -0.5 -0 0.5 1
p 0.5 0 -0.5 1
p -0.5 1 -0.5 1
p 0.5 1 -0.499999 1
p 0.5 0 -0.5 1
p 0.5 -0 0.5 1
p -0.5 -0 0.5 1
p -0.5 1 -0.5 1
p -0.5 1 0.5 1
p 0.499999 1 0.5 1
p 0.5 1 -0.499999 1
p 0.499999 1 0.5 1
p 0.5 -0 0.5 1
p 0.499999 1 0.5 1
p -0.5 1 0.5 1
p -0.5 -0 0.5 1
p -0.5 1 0.5 1
p -0.5 1 -0.5 1
p -0.5 0 -0.5 1
p 0.5 0 -0.5 1
p -0.5 0 -0.5 1
p -0.5 1 -0.5 1
n 0 -1 -0
n 0 -1 -0
n 0 -1 -0
n -0 1 0
n -0 1 0
n -0 1 0
n 1 0 0
n 1 0 0
n 1 0 0
n 0 -0 1
n 0 -0 1
n 0 -0 1
n -1 -0 0
n -1 -0 0
n -1 -0 0
n 0 0 -1
n 0 0 -1
n 0 0 -1
n 0 -1 -0
n 0 -1 -0
n 0 -1 -0
n -0 1 0
n -0 1 0
n -0 1 0
n 1 0 0
n 1 0 0
n 1 0 0
n 0 -0 1
n 0 -0 1
n 0 -0 1
n -1 -0 0
n -1 -0 0
n -1 -0 0
n 0 0 -1
n 0 0 -1
n 0 0 -1
t 0 0
t 0 0
t 0 0
t 0 0
t 0 0
t 0 0
t 0 0
t 0 0
t 0 0
t 0 0
t 0 0
t 0 0
t 0 0
t 0 0
t 0 0
t 0 0
t 0 0
t 0 0
t 0 0
t 0 0
t 0 0
t 0 0
t 0 0
t 0 0
t 0 0
t 0 0
t 0 0
t 0 0
t 0 0
t 0 0
t 0 0
t 0 0
t 0 0
t 0 0
t 0 0
t 0 0
i 0
i 1
i 2
i 3
i 4
i 5
i 6
i 7
i 8
i 9
i 10
i 11
i 12
i 13
i 14
i 15
i 16
i 17
i 18
i 19
i 20
i 21
i 22
i 23
i 24
i 25
i 26
i 27
i 28
i 29
i 30
i 31
i 32
i 33
i 34
i 35
newmaterial
ka 1 0 0
kd 1 0 0
ks 1 0 0
ns 96.0784
d 1
endmaterial
endmesh
