newmesh
p 0 4.5 -3.9 1
p 1.95 3e-06 -3.37749 1
p 0 3e-06 -3.9 1
p 1.95 4.5 -3.37749 1
p 3.37749 0 -1.95 1
p 1.95 3e-06 -3.37749 1
p 3.37749 4.5 -1.95 1
p 3.9 0 0 1
p 3.37749 0 -1.95 1
p 3.9 4.5 3e-06 1
p 3.37749 -0 1.95 1
p 3.9 0 0 1
p 3.37749 4.5 1.95 1
p 1.95 -3e-06 3.37749 1
p 3.37749 -0 1.95 1
p 1.95 4.5 3.37749 1
p 0 -3e-06 3.9 1
p 1.95 -3e-06 3.37749 1
p 0 4.5 3.9 1
p -1.95 -3e-06 3.37749 1
p 0 -3e-06 3.9 1
p -1.95 4.5 3.37749 1
p -3.37749 -0 1.95 1
p -1.95 -3e-06 3.37749 1
p -3.37749 4.5 1.95 1
p -3.9 0 0 1
p -3.37749 -0 1.95 1
p -3.9 4.5 3e-06 1
p -3.37749 0 -1.95 1
p -3.9 0 0 1
p -3.37749 4.5 -1.95 1
p 0 4.5 3.9 1
p 3.37749 4.5 -1.95 1
p -3.37749 4.5 -1.95 1
p -1.95 3e-06 -3.37749 1
p -3.37749 0 -1.95 1
p -1.95 4.5 -3.37749 1
p 0 3e-06 -3.9 1
p -1.95 3e-06 -3.37749 1
p 3.9 0 0 1
p -3.9 0 0 1
p -1.95 3e-06 -3.37749 1
p 0 4.5 -3.9 1
p 1.95 4.5 -3.37749 1
p 1.95 3e-06 -3.37749 1
p 1.95 4.5 -3.37749 1
p 3.37749 4.5 -1.95 1
p 3.37749 0 -1.95 1
p 3.37749 4.5 -1.95 1
p 3.9 4.5 3e-06 1
p 3.9 0 0 1
p 3.9 4.5 3e-06 1
p 3.37749 4.5 1.95 1
p 3.37749 -0 1.95 1
p 3.37749 4.5 1.95 1
p 1.95 4.5 3.37749 1
p 1.95 -3e-06 3.37749 1
p 1.95 4.5 3.37749 1
p 0 4.5 3.9 1
p 0 -3e-06 3.9 1
p 0 4.5 3.9 1
p -1.95 4.5 3.37749 1
p -1.95 -3e-06 3.37749 1
p -1.95 4.5 3.37749 1
p -3.37749 4.5 1.95 1
p -3.37749 -0 1.95 1
p -3.37749 4.5 1.95 1
p -3.9 4.5 3e-06 1
p -3.9 0 0 1
p -3.9 4.5 3e-06 1
p -3.37749 4.5 -1.95 1
p -3.37749 0 -1.95 1
p 3.37749 4.5 -1.95 1
p 1.95 4.5 -3.37749 1
p -3.37749 4.5 -1.95 1
p 0 4.5 -3.9 1
p -1.95 4.5 -3.37749 1
p -3.37749 4.5 -1.95 1
p -3.37749 4.5 -1.95 1
p -3.9 4.5 3e-06 1
p -3.37749 4.5 1.95 1
p -3.37749 4.5 1.95 1
p -1.95 4.5 3.37749 1
p 0 4.5 3.9 1
p 0 4.5 3.9 1
p 1.95 4.5 3.37749 1
p 3.37749 4.5 1.95 1
p 3.37749 4.5 1.95 1
p 3.9 4.5 3e-06 1
p 3.37749 4.5 -1.95 1
p 1.95 4.5 -3.37749 1
p 0 4.5 -3.9 1
p -3.37749 4.5 -1.95 1
p -3.37749 4.5 -1.95 1
p -3.37749 4.5 1.95 1
p 0 4.5 3.9 1
p 0 4.5 3.9 1
p 3.37749 4.5 1.95 1
p 3.37749 4.5 -1.95 1
p -3.37749 4.5 -1.95 1
p -1.95 4.5 -3.37749 1
p -1.95 3e-06 -3.37749 1
p -1.95 4.5 -3.37749 1
p 0 4.5 -3.9 1
p 0 3e-06 -3.9 1
p -1.95 3e-06 -3.37749 1
p 0 3e-06 -3.9 1
p 1.95 3e-06 -3.37749 1
p 1.95 3e-06 -3.37749 1
p 3.37749 0 -1.95 1
p -1.95 3e-06 -3.37749 1
p 3.9 0 0 1
p 3.37749 -0 1.95 1
p 1.95 -3e-06 3.37749 1
p 1.95 -3e-06 3.37749 1
p 0 -3e-06 3.9 1
p 3.9 0 0 1
p -1.95 -3e-06 3.37749 1
p -3.37749 -0 1.95 1
p -3.9 0 0 1
p -3.9 0 0 1
p -3.37749 0 -1.95 1
p -1.95 3e-06 -3.37749 1
p -1.95 3e-06 -3.37749 1
p 3.37749 0 -1.95 1
p 3.9 0 0 1
p 3.9 0 0 1
p 0 -3e-06 3.9 1
p -1.95 -3e-06 3.37749 1
p -1.95 -3e-06 3.37749 1
p -3.9 0 0 1
p 3.9 0 0 1
n 0 0.6532 -0.7572
n 0.3786 -0.6532 -0.6557
n -0 -0.6532 -0.7572
n 0.3786 0.6532 -0.6557
n 0.6557 -0.6532 -0.3786
n 0.3786 -0.6532 -0.6557
n 0.6557 0.6532 -0.3786
n 0.7572 -0.6532 -0
n 0.6557 -0.6532 -0.3786
n 0.7572 0.6532 0
n 0.6557 -0.6532 0.3786
n 0.7572 -0.6532 -0
n 0.6557 0.6532 0.3786
n 0.3786 -0.6532 0.6557
n 0.6557 -0.6532 0.3786
n 0.3786 0.6532 0.6557
n -0 -0.6532 0.7572
n 0.3786 -0.6532 0.6557
n 0 0.6532 0.7572
n -0.3786 -0.6532 0.6557
n -0 -0.6532 0.7572
n -0.3786 0.6532 0.6557
n -0.6557 -0.6532 0.3786
n -0.3786 -0.6532 0.6557
n -0.6557 0.6532 0.3786
n -0.7572 -0.6532 -0
n -0.6557 -0.6532 0.3786
n -0.7572 0.6532 0
n -0.6557 -0.6532 -0.3786
n -0.7572 -0.6532 -0
n -0.6557 0.6532 -0.3786
n 0 0.6532 0.7572
n 0.6557 0.6532 -0.3786
n -0.6557 0.6532 -0.3786
n -0.3786 -0.6532 -0.6557
n -0.6557 -0.6532 -0.3786
n -0.3786 0.6532 -0.6557
n -0 -0.6532 -0.7572
n -0.3786 -0.6532 -0.6557
n 0.7572 -0.6532 -0
n -0.7572 -0.6532 -0
n -0.3786 -0.6532 -0.6557
n 0 0.6532 -0.7572
n 0.3786 0.6532 -0.6557
n 0.3786 -0.6532 -0.6557
n 0.3786 0.6532 -0.6557
n 0.6557 0.6532 -0.3786
n 0.6557 -0.6532 -0.3786
n 0.6557 0.6532 -0.3786
n 0.7572 0.6532 0
n 0.7572 -0.6532 -0
n 0.7572 0.6532 0
n 0.6557 0.6532 0.3786
n 0.6557 -0.6532 0.3786
n 0.6557 0.6532 0.3786
n 0.3786 0.6532 0.6557
n 0.3786 -0.6532 0.6557
n 0.3786 0.6532 0.6557
n 0 0.6532 0.7572
n -0 -0.6532 0.7572
n 0 0.6532 0.7572
n -0.3786 0.6532 0.6557
n -0.3786 -0.6532 0.6557
n -0.3786 0.6532 0.6557
n -0.6557 0.6532 0.3786
n -0.6557 -0.6532 0.3786
n -0.6557 0.6532 0.3786
n -0.7572 0.6532 0
n -0.7572 -0.6532 -0
n -0.7572 0.6532 0
n -0.6557 0.6532 -0.3786
n -0.6557 -0.6532 -0.3786
n 0.6557 0.6532 -0.3786
n 0.3786 0.6532 -0.6557
n -0.6557 0.6532 -0.3786
n 0 0.6532 -0.7572
n -0.3786 0.6532 -0.6557
n -0.6557 0.6532 -0.3786
n -0.6557 0.6532 -0.3786
n -0.7572 0.6532 0
n -0.6557 0.6532 0.3786
n -0.6557 0.6532 0.3786
n -0.3786 0.6532 0.6557
n 0 0.6532 0.7572
n 0 0.6532 0.7572
n 0.3786 0.6532 0.6557
n 0.6557 0.6532 0.3786
n 0.6557 0.6532 0.3786
n 0.7572 0.6532 0
n 0.6557 0.6532 -0.3786
n 0.3786 0.6532 -0.6557
n 0 0.6532 -0.7572
n -0.6557 0.6532 -0.3786
n -0.6557 0.6532 -0.3786
n -0.6557 0.6532 0.3786
n 0 0.6532 0.7572
n 0 0.6532 0.7572
n 0.6557 0.6532 0.3786
n 0.6557 0.6532 -0.3786
n -0.6557 0.6532 -0.3786
n -0.3786 0.6532 -0.6557
n -0.3786 -0.6532 -0.6557
n -0.3786 0.6532 -0.6557
n 0 0.6532 -0.7572
n -0 -0.6532 -0.7572
n -0.3786 -0.6532 -0.6557
n -0 -0.6532 -0.7572
n 0.3786 -0.6532 -0.6557
n 0.3786 -0.6532 -0.6557
n 0.6557 -0.6532 -0.3786
n -0.3786 -0.6532 -0.6557
n 0.7572 -0.6532 -0
n 0.6557 -0.6532 0.3786
n 0.3786 -0.6532 0.6557
n 0.3786 -0.6532 0.6557
n -0 -0.6532 0.7572
n 0.7572 -0.6532 -0
n -0.3786 -0.6532 0.6557
n -0.6557 -0.6532 0.3786
n -0.7572 -0.6532 -0
n -0.7572 -0.6532 -0
n -0.6557 -0.6532 -0.3786
n -0.3786 -0.6532 -0.6557
n -0.3786 -0.6532 -0.6557
n 0.6557 -0.6532 -0.3786
n 0.7572 -0.6532 -0
n 0.7572 -0.6532 -0
n -0 -0.6532 0.7572
n -0.3786 -0.6532 0.6557
n -0.3786 -0.6532 0.6557
n -0.7572 -0.6532 -0
n 0.7572 -0.6532 -0
t 0 0
t 0 0
t 0 0
t 0 0
t 0 0
t 0 0
t 0 0
t 0 0
t 0 0
t 0 0
t 0 0
t 0 0
t 0 0
t 0 0
t 0 0
t 0 0
t 0 0
t 0 0
t 0 0
t 0 0
t 0 0
t 0 0
t 0 0
t 0 0
t 0 0
t 0 0
t 0 0
t 0 0
t 0 0
t 0 0
t 0 0
t 0 0
t 0 0
t 0 0
t 0 0
t 0 0
t 0 0
t 0 0
t 0 0
t 0 0
t 0 0
t 0 0
t 0 0
t 0 0
t 0 0
t 0 0
t 0 0
t 0 0
t 0 0
t 0 0
t 0 0
t 0 0
t 0 0
t 0 0
t 0 0
t 0 0
t 0 0
t 0 0
t 0 0
t 0 0
t 0 0
t 0 0
t 0 0
t 0 0
t 0 0
t 0 0
t 0 0
t 0 0
t 0 0
t 0 0
t 0 0
t 0 0
t 0 0
t 0 0
t 0 0
t 0 0
t 0 0
t 0 0
t 0 0
t 0 0
t 0 0
t 0 0
t 0 0
t 0 0
t 0 0
t 0 0
t 0 0
t 0 0
t 0 0
t 0 0
t 0 0
t 0 0
t 0 0
t 0 0
t 0 0
t 0 0
t 0 0
t 0 0
t 0 0
t 0 0
t 0 0
t 0 0
t 0 0
t 0 0
t 0 0
t 0 0
t 0 0
t 0 0
t 0 0
t 0 0
t 0 0
t 0 0
t 0 0
t 0 0
t 0 0
t 0 0
t 0 0
t 0 0
t 0 0
t 0 0
t 0 0
t 0 0
t 0 0
t 0 0
t 0 0
t 0 0
t 0 0
t 0 0
t 0 0
t 0 0
t 0 0
t 0 0
i 0
i 1
i 2
i 3
i 4
i 5
i 6
i 7
i 8
i 9
i 10
i 11
i 12
i 13
i 14
i 15
i 16
i 17
i 18
i 19
i 20
i 21
i 22
i 23
i 24
i 25
i 26
i 27
i 28
i 29
i 30
i 31
i 32
i 33
i 34
i 35
i 36
i 37
i 38
i 39
i 40
i 41
i 42
i 43
i 44
i 45
i 46
i 47
i 48
i 49
i 50
i 51
i 52
i 53
i 54
i 55
i 56
i 57
i 58
i 59
i 60
i 61
i 62
i 63
i 64
i 65
i 66
i 67
i 68
i 69
i 70
i 71
i 72
i 73
i 74
i 75
i 76
i 77
i 78
i 79
i 80
i 81
i 82
i 83
i 84
i 85
i 86
i 87
i 88
i 89
i 90
i 91
i 92
i 93
i 94
i 95
i 96
i 97
i 98
i 99
i 100
i 101
i 102
i 103
i 104
i 105
i 106
i 107
i 108
i 109
i 110
i 111
i 112
i 113
i 114
i 115
i 116
i 117
i 118
i 119
i 120
i 121
i 122
i 123
i 124
i 125
i 126
i 127
i 128
i 129
i 130
i 131
newmaterial
ka 0.1 0.1 0.1
kd 0.012 0.003007 0
ks 0.018341 0.017116 0.006647
ns 92.1569
d 1
endmaterial
endmesh
newmesh
p 0 30.4274 -1.79999 1
p 0.9 4.17738 -1.55884 1
p 0 4.17738 -1.8 1
p 0.9 30.4274 -1.55883 1
p 1.55885 4.17736 -0.899997 1
p 0.9 4.17738 -1.55884 1
p 1.55885 30.4274 -0.899985 1
p 1.8 4.17736 3e-06 1
p 1.55885 4.17736 -0.899997 1
p 1.8 30.4274 1.5e-05 1
p 1.55885 4.17736 0.900003 1
p 1.8 4.17736 3e-06 1
p 1.55885 30.4274 0.900015 1
p 0.9 4.17736 1.55885 1
p 1.55885 4.17736 0.900003 1
p 0.9 30.4274 1.55887 1
p 0 4.17736 1.8 1
p 0.9 4.17736 1.55885 1
p 0 30.4274 1.80001 1
p -0.9 4.17736 1.55885 1
p 0 4.17736 1.8 1
p -0.9 30.4274 1.55887 1
p -1.55885 4.17736 0.900003 1
p -0.9 4.17736 1.55885 1
p -1.55885 30.4274 0.900015 1
p -1.8 4.17736 3e-06 1
p -1.55885 4.17736 0.900003 1
p -1.8 30.4274 1.5e-05 1
p -1.55885 4.17736 -0.899997 1
p -1.8 4.17736 3e-06 1
p -1.55885 30.4274 -0.899985 1
p 1.55885 30.4274 0.900015 1
p 1.55885 30.4274 -0.899985 1
p -1.55885 30.4274 -0.899985 1
p -0.9 4.17738 -1.55884 1
p -1.55885 4.17736 -0.899997 1
p -0.9 30.4274 -1.55883 1
p 0 4.17738 -1.8 1
p -0.9 4.17738 -1.55884 1
p 0.9 4.17736 1.55885 1
p -0.9 4.17736 1.55885 1
p -0.9 4.17738 -1.55884 1
p 0 30.4274 -1.79999 1
p 0.9 30.4274 -1.55883 1
p 0.9 4.17738 -1.55884 1
p 0.9 30.4274 -1.55883 1
p 1.55885 30.4274 -0.899985 1
p 1.55885 4.17736 -0.899997 1
p 1.55885 30.4274 -0.899985 1
p 1.8 30.4274 1.5e-05 1
p 1.8 4.17736 3e-06 1
p 1.8 30.4274 1.5e-05 1
p 1.55885 30.4274 0.900015 1
p 1.55885 4.17736 0.900003 1
p 1.55885 30.4274 0.900015 1
p 0.9 30.4274 1.55887 1
p 0.9 4.17736 1.55885 1
p 0.9 30.4274 1.55887 1
p 0 30.4274 1.80001 1
p 0 4.17736 1.8 1
p 0 30.4274 1.80001 1
p -0.9 30.4274 1.55887 1
p -0.9 4.17736 1.55885 1
p -0.9 30.4274 1.55887 1
p -1.55885 30.4274 0.900015 1
p -1.55885 4.17736 0.900003 1
p -1.55885 30.4274 0.900015 1
p -1.8 30.4274 1.5e-05 1
p -1.8 4.17736 3e-06 1
p -1.8 30.4274 1.5e-05 1
p -1.55885 30.4274 -0.899985 1
p -1.55885 4.17736 -0.899997 1
p 1.55885 30.4274 -0.899985 1
p 0.9 30.4274 -1.55883 1
p -1.55885 30.4274 -0.899985 1
p 0 30.4274 -1.79999 1
p -0.9 30.4274 -1.55883 1
p -1.55885 30.4274 -0.899985 1
p -1.55885 30.4274 -0.899985 1
p -1.8 30.4274 1.5e-05 1
p -1.55885 30.4274 0.900015 1
p -1.55885 30.4274 0.900015 1
p -0.9 30.4274 1.55887 1
p 0 30.4274 1.80001 1
p 0 30.4274 1.80001 1
p 0.9 30.4274 1.55887 1
p 1.55885 30.4274 0.900015 1
p 1.55885 30.4274 0.900015 1
p 1.8 30.4274 1.5e-05 1
p 1.55885 30.4274 -0.899985 1
p 0.9 30.4274 -1.55883 1
p 0 30.4274 -1.79999 1
p -1.55885 30.4274 -0.899985 1
p -1.55885 30.4274 -0.899985 1
p -1.55885 30.4274 0.900015 1
p 0 30.4274 1.80001 1
p 0 30.4274 1.80001 1
p 1.55885 30.4274 0.900015 1
p -1.55885 30.4274 -0.899985 1
p -1.55885 30.4274 -0.899985 1
p -0.9 30.4274 -1.55883 1
p -0.9 4.17738 -1.55884 1
p -0.9 30.4274 -1.55883 1
p 0 30.4274 -1.79999 1
p 0 4.17738 -1.8 1
p -0.9 4.17738 -1.55884 1
p 0 4.17738 -1.8 1
p 0.9 4.17738 -1.55884 1
p 0.9 4.17738 -1.55884 1
p 1.55885 4.17736 -0.899997 1
p 1.8 4.17736 3e-06 1
p 1.8 4.17736 3e-06 1
p 1.55885 4.17736 0.900003 1
p 0.9 4.17736 1.55885 1
p 0.9 4.17736 1.55885 1
p 0 4.17736 1.8 1
p -0.9 4.17736 1.55885 1
p -0.9 4.17736 1.55885 1
p -1.55885 4.17736 0.900003 1
p -1.8 4.17736 3e-06 1
p -1.8 4.17736 3e-06 1
p -1.55885 4.17736 -0.899997 1
p -0.9 4.17736 1.55885 1
p -0.9 4.17738 -1.55884 1
p 0.9 4.17738 -1.55884 1
p 1.8 4.17736 3e-06 1
p 1.8 4.17736 3e-06 1
p 0.9 4.17736 1.55885 1
p -0.9 4.17738 -1.55884 1
p -0.9 4.17736 1.55885 1
p -1.55885 4.17736 -0.899997 1
p -0.9 4.17738 -1.55884 1
n -0 0.6532 -0.7572
n 0.3786 -0.6532 -0.6557
n 0 -0.6532 -0.7572
n 0.3786 0.6532 -0.6557
n 0.6557 -0.6532 -0.3786
n 0.3786 -0.6532 -0.6557
n 0.6557 0.6532 -0.3786
n 0.7572 -0.6532 -0
n 0.6557 -0.6532 -0.3786
n 0.7572 0.6532 -0
n 0.6557 -0.6532 0.3786
n 0.7572 -0.6532 -0
n 0.6557 0.6532 0.3786
n 0.3786 -0.6532 0.6557
n 0.6557 -0.6532 0.3786
n 0.3786 0.6532 0.6557
n 0 -0.6532 0.7572
n 0.3786 -0.6532 0.6557
n -0 0.6532 0.7572
n -0.3786 -0.6532 0.6557
n 0 -0.6532 0.7572
n -0.3786 0.6532 0.6557
n -0.6557 -0.6532 0.3786
n -0.3786 -0.6532 0.6557
n -0.6557 0.6532 0.3786
n -0.7572 -0.6532 -0
n -0.6557 -0.6532 0.3786
n -0.7572 0.6532 0
n -0.6557 -0.6532 -0.3786
n -0.7572 -0.6532 -0
n -0.6557 0.6532 -0.3786
n 0.6557 0.6532 0.3786
n 0.6557 0.6532 -0.3786
n -0.6557 0.6532 -0.3786
n -0.3786 -0.6532 -0.6557
n -0.6557 -0.6532 -0.3786
n -0.3786 0.6532 -0.6557
n 0 -0.6532 -0.7572
n -0.3786 -0.6532 -0.6557
n 0.3786 -0.6532 0.6557
n -0.3786 -0.6532 0.6557
n -0.3786 -0.6532 -0.6557
n -0 0.6532 -0.7572
n 0.3786 0.6532 -0.6557
n 0.3786 -0.6532 -0.6557
n 0.3786 0.6532 -0.6557
n 0.6557 0.6532 -0.3786
n 0.6557 -0.6532 -0.3786
n 0.6557 0.6532 -0.3786
n 0.7572 0.6532 -0
n 0.7572 -0.6532 -0
n 0.7572 0.6532 -0
n 0.6557 0.6532 0.3786
n 0.6557 -0.6532 0.3786
n 0.6557 0.6532 0.3786
n 0.3786 0.6532 0.6557
n 0.3786 -0.6532 0.6557
n 0.3786 0.6532 0.6557
n -0 0.6532 0.7572
n 0 -0.6532 0.7572
n -0 0.6532 0.7572
n -0.3786 0.6532 0.6557
n -0.3786 -0.6532 0.6557
n -0.3786 0.6532 0.6557
n -0.6557 0.6532 0.3786
n -0.6557 -0.6532 0.3786
n -0.6557 0.6532 0.3786
n -0.7572 0.6532 0
n -0.7572 -0.6532 -0
n -0.7572 0.6532 0
n -0.6557 0.6532 -0.3786
n -0.6557 -0.6532 -0.3786
n 0.6557 0.6532 -0.3786
n 0.3786 0.6532 -0.6557
n -0.6557 0.6532 -0.3786
n -0 0.6532 -0.7572
n -0.3786 0.6532 -0.6557
n -0.6557 0.6532 -0.3786
n -0.6557 0.6532 -0.3786
n -0.7572 0.6532 0
n -0.6557 0.6532 0.3786
n -0.6557 0.6532 0.3786
n -0.3786 0.6532 0.6557
n -0 0.6532 0.7572
n -0 0.6532 0.7572
n 0.3786 0.6532 0.6557
n 0.6557 0.6532 0.3786
n 0.6557 0.6532 0.3786
n 0.7572 0.6532 -0
n 0.6557 0.6532 -0.3786
n 0.3786 0.6532 -0.6557
n -0 0.6532 -0.7572
n -0.6557 0.6532 -0.3786
n -0.6557 0.6532 -0.3786
n -0.6557 0.6532 0.3786
n -0 0.6532 0.7572
n -0 0.6532 0.7572
n 0.6557 0.6532 0.3786
n -0.6557 0.6532 -0.3786
n -0.6557 0.6532 -0.3786
n -0.3786 0.6532 -0.6557
n -0.3786 -0.6532 -0.6557
n -0.3786 0.6532 -0.6557
n -0 0.6532 -0.7572
n 0 -0.6532 -0.7572
n -0.3786 -0.6532 -0.6557
n 0 -0.6532 -0.7572
n 0.3786 -0.6532 -0.6557
n 0.3786 -0.6532 -0.6557
n 0.6557 -0.6532 -0.3786
n 0.7572 -0.6532 -0
n 0.7572 -0.6532 -0
n 0.6557 -0.6532 0.3786
n 0.3786 -0.6532 0.6557
n 0.3786 -0.6532 0.6557
n 0 -0.6532 0.7572
n -0.3786 -0.6532 0.6557
n -0.3786 -0.6532 0.6557
n -0.6557 -0.6532 0.3786
n -0.7572 -0.6532 -0
n -0.7572 -0.6532 -0
n -0.6557 -0.6532 -0.3786
n -0.3786 -0.6532 0.6557
n -0.3786 -0.6532 -0.6557
n 0.3786 -0.6532 -0.6557
n 0.7572 -0.6532 -0
n 0.7572 -0.6532 -0
n 0.3786 -0.6532 0.6557
n -0.3786 -0.6532 -0.6557
n -0.3786 -0.6532 0.6557
n -0.6557 -0.6532 -0.3786
n -0.3786 -0.6532 -0.6557
t 0 0
t 0 0
t 0 0
t 0 0
t 0 0
t 0 0
t 0 0
t 0 0
t 0 0
t 0 0
t 0 0
t 0 0
t 0 0
t 0 0
t 0 0
t 0 0
t 0 0
t 0 0
t 0 0
t 0 0
t 0 0
t 0 0
t 0 0
t 0 0
t 0 0
t 0 0
t 0 0
t 0 0
t 0 0
t 0 0
t 0 0
t 0 0
t 0 0
t 0 0
t 0 0
t 0 0
t 0 0
t 0 0
t 0 0
t 0 0
t 0 0
t 0 0
t 0 0
t 0 0
t 0 0
t 0 0
t 0 0
t 0 0
t 0 0
t 0 0
t 0 0
t 0 0
t 0 0
t 0 0
t 0 0
t 0 0
t 0 0
t 0 0
t 0 0
t 0 0
t 0 0
t 0 0
t 0 0
t 0 0
t 0 0
t 0 0
t 0 0
t 0 0
t 0 0
t 0 0
t 0 0
t 0 0
t 0 0
t 0 0
t 0 0
t 0 0
t 0 0
t 0 0
t 0 0
t 0 0
t 0 0
t 0 0
t 0 0
t 0 0
t 0 0
t 0 0
t 0 0
t 0 0
t 0 0
t 0 0
t 0 0
t 0 0
t 0 0
t 0 0
t 0 0
t 0 0
t 0 0
t 0 0
t 0 0
t 0 0
t 0 0
t 0 0
t 0 0
t 0 0
t 0 0
t 0 0
t 0 0
t 0 0
t 0 0
t 0 0
t 0 0
t 0 0
t 0 0
t 0 0
t 0 0
t 0 0
t 0 0
t 0 0
t 0 0
t 0 0
t 0 0
t 0 0
t 0 0
t 0 0
t 0 0
t 0 0
t 0 0
t 0 0
t 0 0
t 0 0
t 0 0
t 0 0
i 0
i 1
i 2
i 3
i 4
i 5
i 6
i 7
i 8
i 9
i 10
i 11
i 12
i 13
i 14
i 15
i 16
i 17
i 18
i 19
i 20
i 21
i 22
i 23
i 24
i 25
i 26
i 27
i 28
i 29
i 30
i 31
i 32
i 33
i 34
i 35
i 36
i 37
i 38
i 39
i 40
i 41
i 42
i 43
i 44
i 45
i 46
i 47
i 48
i 49
i 50
i 51
i 52
i 53
i 54
i 55
i 56
i 57
i 58
i 59
i 60
i 61
i 62
i 63
i 64
i 65
i 66
i 67
i 68
i 69
i 70
i 71
i 72
i 73
i 74
i 75
i 76
i 77
i 78
i 79
i 80
i 81
i 82
i 83
i 84
i 85
i 86
i 87
i 88
i 89
i 90
i 91
i 92
i 93
i 94
i 95
i 96
i 97
i 98
i 99
i 100
i 101
i 102
i 103
i 104
i 105
i 106
i 107
i 108
i 109
i 110
i 111
i 112
i 113
i 114
i 115
i 116
i 117
i 118
i 119
i 120
i 121
i 122
i 123
i 124
i 125
i 126
i 127
i 128
i 129
i 130
i 131
newmaterial
ka 0.1 0.1 0.1
kd 0.012 0.003007 0
ks 0.018341 0.017116 0.006647
ns 92.1569
d 1
endmaterial
endmesh
newmesh
p 0 31.5334 -2.99998 1
p 1.5 29.7334 -2.59805 1
p 0 29.7334 -2.99998 1
p 1.5 31.5334 -2.59805 1
p 2.59807 29.7334 -1.49998 1
p 1.5 29.7334 -2.59805 1
p 2.59807 31.5334 -1.49998 1
p 3 29.7334 1.5e-05 1
p 2.59807 29.7334 -1.49998 1
p 3 31.5334 1.5e-05 1
p 2.59807 29.7334 1.50002 1
p 3 29.7334 1.5e-05 1
p 2.59807 31.5334 1.50002 1
p 1.5 29.7334 2.59809 1
p 2.59807 29.7334 1.50002 1
p 1.5 31.5334 2.59809 1
p 0 29.7334 3.00002 1
p 1.5 29.7334 2.59809 1
p 0 31.5334 3.00002 1
p -1.5 29.7334 2.59809 1
p 0 29.7334 3.00002 1
p -1.5 31.5334 2.59809 1
p -2.59807 29.7334 1.50002 1
p -1.5 29.7334 2.59809 1
p -2.59807 31.5334 1.50002 1
p -3 29.7334 1.5e-05 1
p -2.59807 29.7334 1.50002 1
p -3 31.5334 1.5e-05 1
p -2.59807 29.7334 -1.49998 1
p -3 29.7334 1.5e-05 1
p -2.59807 31.5334 -1.49998 1
p 0 31.5334 3.00002 1
p 2.59807 31.5334 -1.49998 1
p -2.59807 31.5334 -1.49998 1
p -1.5 29.7334 -2.59805 1
p -2.59807 29.7334 -1.49998 1
p -1.5 31.5334 -2.59805 1
p 0 29.7334 -2.99998 1
p -1.5 29.7334 -2.59805 1
p 3 29.7334 1.5e-05 1
p -3 29.7334 1.5e-05 1
p -1.5 29.7334 -2.59805 1
p 0 31.5334 -2.99998 1
p 1.5 31.5334 -2.59805 1
p 1.5 29.7334 -2.59805 1
p 1.5 31.5334 -2.59805 1
p 2.59807 31.5334 -1.49998 1
p 2.59807 29.7334 -1.49998 1
p 2.59807 31.5334 -1.49998 1
p 3 31.5334 1.5e-05 1
p 3 29.7334 1.5e-05 1
p 3 31.5334 1.5e-05 1
p 2.59807 31.5334 1.50002 1
p 2.59807 29.7334 1.50002 1
p 2.59807 31.5334 1.50002 1
p 1.5 31.5334 2.59809 1
p 1.5 29.7334 2.59809 1
p 1.5 31.5334 2.59809 1
p 0 31.5334 3.00002 1
p 0 29.7334 3.00002 1
p 0 31.5334 3.00002 1
p -1.5 31.5334 2.59809 1
p -1.5 29.7334 2.59809 1
p -1.5 31.5334 2.59809 1
p -2.59807 31.5334 1.50002 1
p -2.59807 29.7334 1.50002 1
p -2.59807 31.5334 1.50002 1
p -3 31.5334 1.5e-05 1
p -3 29.7334 1.5e-05 1
p -3 31.5334 1.5e-05 1
p -2.59807 31.5334 -1.49998 1
p -2.59807 29.7334 -1.49998 1
p 2.59807 31.5334 -1.49998 1
p 1.5 31.5334 -2.59805 1
p 0 31.5334 -2.99998 1
p 0 31.5334 -2.99998 1
p -1.5 31.5334 -2.59805 1
p -2.59807 31.5334 -1.49998 1
p -2.59807 31.5334 -1.49998 1
p -3 31.5334 1.5e-05 1
p -2.59807 31.5334 1.50002 1
p -2.59807 31.5334 1.50002 1
p -1.5 31.5334 2.59809 1
p 0 31.5334 3.00002 1
p 0 31.5334 3.00002 1
p 1.5 31.5334 2.59809 1
p 2.59807 31.5334 1.50002 1
p 2.59807 31.5334 1.50002 1
p 3 31.5334 1.5e-05 1
p 2.59807 31.5334 -1.49998 1
p 2.59807 31.5334 -1.49998 1
p 0 31.5334 -2.99998 1
p -2.59807 31.5334 -1.49998 1
p -2.59807 31.5334 -1.49998 1
p -2.59807 31.5334 1.50002 1
p 0 31.5334 3.00002 1
p 0 31.5334 3.00002 1
p 2.59807 31.5334 1.50002 1
p 2.59807 31.5334 -1.49998 1
p -2.59807 31.5334 -1.49998 1
p -1.5 31.5334 -2.59805 1
p -1.5 29.7334 -2.59805 1
p -1.5 31.5334 -2.59805 1
p 0 31.5334 -2.99998 1
p 0 29.7334 -2.99998 1
p -1.5 29.7334 -2.59805 1
p 0 29.7334 -2.99998 1
p 3 29.7334 1.5e-05 1
p 1.5 29.7334 -2.59805 1
p 2.59807 29.7334 -1.49998 1
p 3 29.7334 1.5e-05 1
p 3 29.7334 1.5e-05 1
p 2.59807 29.7334 1.50002 1
p 1.5 29.7334 2.59809 1
p 1.5 29.7334 2.59809 1
p 0 29.7334 3.00002 1
p -1.5 29.7334 2.59809 1
p -1.5 29.7334 2.59809 1
p -2.59807 29.7334 1.50002 1
p -3 29.7334 1.5e-05 1
p -3 29.7334 1.5e-05 1
p -2.59807 29.7334 -1.49998 1
p -1.5 29.7334 -2.59805 1
p 0 29.7334 -2.99998 1
p 1.5 29.7334 -2.59805 1
p 3 29.7334 1.5e-05 1
p 3 29.7334 1.5e-05 1
p 1.5 29.7334 2.59809 1
p -1.5 29.7334 2.59809 1
p -1.5 29.7334 2.59809 1
p -3 29.7334 1.5e-05 1
p 3 29.7334 1.5e-05 1
n 0 0.6532 -0.7572
n 0.3786 -0.6532 -0.6557
n 0 -0.6532 -0.7572
n 0.3786 0.6532 -0.6557
n 0.6557 -0.6532 -0.3786
n 0.3786 -0.6532 -0.6557
n 0.6557 0.6532 -0.3786
n 0.7572 -0.6532 -0
n 0.6557 -0.6532 -0.3786
n 0.7572 0.6532 -0
n 0.6557 -0.6532 0.3786
n 0.7572 -0.6532 -0
n 0.6557 0.6532 0.3786
n 0.3786 -0.6532 0.6557
n 0.6557 -0.6532 0.3786
n 0.3786 0.6532 0.6557
n -0 -0.6532 0.7572
n 0.3786 -0.6532 0.6557
n -0 0.6532 0.7572
n -0.3786 -0.6532 0.6557
n -0 -0.6532 0.7572
n -0.3786 0.6532 0.6557
n -0.6557 -0.6532 0.3786
n -0.3786 -0.6532 0.6557
n -0.6557 0.6532 0.3786
n -0.7572 -0.6532 -0
n -0.6557 -0.6532 0.3786
n -0.7572 0.6532 0
n -0.6557 -0.6532 -0.3786
n -0.7572 -0.6532 -0
n -0.6557 0.6532 -0.3786
n -0 0.6532 0.7572
n 0.6557 0.6532 -0.3786
n -0.6557 0.6532 -0.3786
n -0.3786 -0.6532 -0.6557
n -0.6557 -0.6532 -0.3786
n -0.3786 0.6532 -0.6557
n 0 -0.6532 -0.7572
n -0.3786 -0.6532 -0.6557
n 0.7572 -0.6532 -0
n -0.7572 -0.6532 -0
n -0.3786 -0.6532 -0.6557
n 0 0.6532 -0.7572
n 0.3786 0.6532 -0.6557
n 0.3786 -0.6532 -0.6557
n 0.3786 0.6532 -0.6557
n 0.6557 0.6532 -0.3786
n 0.6557 -0.6532 -0.3786
n 0.6557 0.6532 -0.3786
n 0.7572 0.6532 -0
n 0.7572 -0.6532 -0
n 0.7572 0.6532 -0
n 0.6557 0.6532 0.3786
n 0.6557 -0.6532 0.3786
n 0.6557 0.6532 0.3786
n 0.3786 0.6532 0.6557
n 0.3786 -0.6532 0.6557
n 0.3786 0.6532 0.6557
n -0 0.6532 0.7572
n -0 -0.6532 0.7572
n -0 0.6532 0.7572
n -0.3786 0.6532 0.6557
n -0.3786 -0.6532 0.6557
n -0.3786 0.6532 0.6557
n -0.6557 0.6532 0.3786
n -0.6557 -0.6532 0.3786
n -0.6557 0.6532 0.3786
n -0.7572 0.6532 0
n -0.7572 -0.6532 -0
n -0.7572 0.6532 0
n -0.6557 0.6532 -0.3786
n -0.6557 -0.6532 -0.3786
n 0.6557 0.6532 -0.3786
n 0.3786 0.6532 -0.6557
n 0 0.6532 -0.7572
n 0 0.6532 -0.7572
n -0.3786 0.6532 -0.6557
n -0.6557 0.6532 -0.3786
n -0.6557 0.6532 -0.3786
n -0.7572 0.6532 0
n -0.6557 0.6532 0.3786
n -0.6557 0.6532 0.3786
n -0.3786 0.6532 0.6557
n -0 0.6532 0.7572
n -0 0.6532 0.7572
n 0.3786 0.6532 0.6557
n 0.6557 0.6532 0.3786
n 0.6557 0.6532 0.3786
n 0.7572 0.6532 -0
n 0.6557 0.6532 -0.3786
n 0.6557 0.6532 -0.3786
n 0 0.6532 -0.7572
n -0.6557 0.6532 -0.3786
n -0.6557 0.6532 -0.3786
n -0.6557 0.6532 0.3786
n -0 0.6532 0.7572
n -0 0.6532 0.7572
n 0.6557 0.6532 0.3786
n 0.6557 0.6532 -0.3786
n -0.6557 0.6532 -0.3786
n -0.3786 0.6532 -0.6557
n -0.3786 -0.6532 -0.6557
n -0.3786 0.6532 -0.6557
n 0 0.6532 -0.7572
n 0 -0.6532 -0.7572
n -0.3786 -0.6532 -0.6557
n 0 -0.6532 -0.7572
n 0.7572 -0.6532 -0
n 0.3786 -0.6532 -0.6557
n 0.6557 -0.6532 -0.3786
n 0.7572 -0.6532 -0
n 0.7572 -0.6532 -0
n 0.6557 -0.6532 0.3786
n 0.3786 -0.6532 0.6557
n 0.3786 -0.6532 0.6557
n -0 -0.6532 0.7572
n -0.3786 -0.6532 0.6557
n -0.3786 -0.6532 0.6557
n -0.6557 -0.6532 0.3786
n -0.7572 -0.6532 -0
n -0.7572 -0.6532 -0
n -0.6557 -0.6532 -0.3786
n -0.3786 -0.6532 -0.6557
n 0 -0.6532 -0.7572
n 0.3786 -0.6532 -0.6557
n 0.7572 -0.6532 -0
n 0.7572 -0.6532 -0
n 0.3786 -0.6532 0.6557
n -0.3786 -0.6532 0.6557
n -0.3786 -0.6532 0.6557
n -0.7572 -0.6532 -0
n 0.7572 -0.6532 -0
t 0 0
t 0 0
t 0 0
t 0 0
t 0 0
t 0 0
t 0 0
t 0 0
t 0 0
t 0 0
t 0 0
t 0 0
t 0 0
t 0 0
t 0 0
t 0 0
t 0 0
t 0 0
t 0 0
t 0 0
t 0 0
t 0 0
t 0 0
t 0 0
t 0 0
t 0 0
t 0 0
t 0 0
t 0 0
t 0 0
t 0 0
t 0 0
t 0 0
t 0 0
t 0 0
t 0 0
t 0 0
t 0 0
t 0 0
t 0 0
t 0 0
t 0 0
t 0 0
t 0 0
t 0 0
t 0 0
t 0 0
t 0 0
t 0 0
t 0 0
t 0 0
t 0 0
t 0 0
t 0 0
t 0 0
t 0 0
t 0 0
t 0 0
t 0 0
t 0 0
t 0 0
t 0 0
t 0 0
t 0 0
t 0 0
t 0 0
t 0 0
t 0 0
t 0 0
t 0 0
t 0 0
t 0 0
t 0 0
t 0 0
t 0 0
t 0 0
t 0 0
t 0 0
t 0 0
t 0 0
t 0 0
t 0 0
t 0 0
t 0 0
t 0 0
t 0 0
t 0 0
t 0 0
t 0 0
t 0 0
t 0 0
t 0 0
t 0 0
t 0 0
t 0 0
t 0 0
t 0 0
t 0 0
t 0 0
t 0 0
t 0 0
t 0 0
t 0 0
t 0 0
t 0 0
t 0 0
t 0 0
t 0 0
t 0 0
t 0 0
t 0 0
t 0 0
t 0 0
t 0 0
t 0 0
t 0 0
t 0 0
t 0 0
t 0 0
t 0 0
t 0 0
t 0 0
t 0 0
t 0 0
t 0 0
t 0 0
t 0 0
t 0 0
t 0 0
t 0 0
t 0 0
t 0 0
i 0
i 1
i 2
i 3
i 4
i 5
i 6
i 7
i 8
i 9
i 10
i 11
i 12
i 13
i 14
i 15
i 16
i 17
i 18
i 19
i 20
i 21
i 22
i 23
i 24
i 25
i 26
i 27
i 28
i 29
i 30
i 31
i 32
i 33
i 34
i 35
i 36
i 37
i 38
i 39
i 40
i 41
i 42
i 43
i 44
i 45
i 46
i 47
i 48
i 49
i 50
i 51
i 52
i 53
i 54
i 55
i 56
i 57
i 58
i 59
i 60
i 61
i 62
i 63
i 64
i 65
i 66
i 67
i 68
i 69
i 70
i 71
i 72
i 73
i 74
i 75
i 76
i 77
i 78
i 79
i 80
i 81
i 82
i 83
i 84
i 85
i 86
i 87
i 88
i 89
i 90
i 91
i 92
i 93
i 94
i 95
i 96
i 97
i 98
i 99
i 100
i 101
i 102
i 103
i 104
i 105
i 106
i 107
i 108
i 109
i 110
i 111
i 112
i 113
i 114
i 115
i 116
i 117
i 118
i 119
i 120
i 121
i 122
i 123
i 124
i 125
i 126
i 127
i 128
i 129
i 130
i 131
newmaterial
ka 0.1 0.1 0.1
kd 0.012 0.003007 0
ks 0.018341 0.017116 0.006647
ns 92.1569
d 1
endmaterial
endmesh
newmesh
p 0.078588 33.4958 -2.83616 1
p 0.379567 34.7003 -1.90826 1
p 1.25226 33.7653 -2.40595 1
p -0.025398 30.4371 -2.36603 1
p 1.0557 30.1684 -1.89509 1
p -0.054129 29.6144 -1.32961 1
p -0.497824 29.3498 -0.373446 1
p -0.054129 29.6144 -1.32961 1
p 0.639158 29.4373 -0.585126 1
p 0.525994 31.8012 -2.9568 1
p 1.0557 30.1684 -1.89509 1
p -0.025398 30.4371 -2.36603 1
p 0.078588 33.4958 -2.83616 1
p 1.25226 33.7653 -2.40595 1
p 1.44311 32.6063 -2.65086 1
p 0.078588 33.4958 -2.83616 1
p 1.44311 32.6063 -2.65086 1
p 0.525994 31.8012 -2.9568 1
p 1.0557 30.1684 -1.89509 1
p 0.639158 29.4373 -0.585126 1
p -0.054129 29.6144 -1.32961 1
p 1.44311 32.6063 -2.65086 1
p 1.62767 31.444 -2.40339 1
p 0.525994 31.8012 -2.9568 1
p 0.379567 34.7003 -1.90826 1
p 0.505536 35.2194 -0.737311 1
p 1.70401 34.6794 -0.910795 1
p 1.44311 32.6063 -2.65086 1
p 1.25226 33.7653 -2.40595 1
p 2.73 32.6411 -1.40219 1
p 0.505536 35.2194 -0.737311 1
p -0.254826 35.3147 0.556589 1
p 0.830536 35.2455 0.391327 1
p 2.73 32.6411 -1.40219 1
p 2.35624 31.0932 -1.49156 1
p 1.62767 31.444 -2.40339 1
p 1.0557 30.1684 -1.89509 1
p 2.35624 31.0932 -1.49156 1
p 1.9775 30.0596 -0.597946 1
p 1.70401 34.6794 -0.910795 1
p 2.57077 33.7912 -0.828491 1
p 1.25226 33.7653 -2.40595 1
p 2.35624 31.0932 -1.49156 1
p 2.73 32.6411 -1.40219 1
p 2.83844 31.408 -0.546276 1
p 1.9775 30.0596 -0.597946 1
p 0.952816 29.478 0.558263 1
p 0.639158 29.4373 -0.585126 1
p 2.35624 31.0932 -1.49156 1
p 2.83844 31.408 -0.546276 1
p 1.9775 30.0596 -0.597946 1
p 0.830536 35.2455 0.391327 1
p 1.92663 34.6487 0.302088 1
p 1.70401 34.6794 -0.910795 1
p 2.73 32.6411 -1.40219 1
p 2.57077 33.7912 -0.828491 1
p 3.03065 32.2467 0.273113 1
p -0.497824 29.3498 -0.373446 1
p 0.639158 29.4373 -0.585126 1
p 0.952816 29.478 0.558263 1
p 2.73 32.6411 -1.40219 1
p 3.03065 32.2467 0.273113 1
p 2.83844 31.408 -0.546276 1
p 3.03065 32.2467 0.273113 1
p 2.38591 30.6177 0.846755 1
p 2.83844 31.408 -0.546276 1
p 2.83844 31.408 -0.546276 1
p 2.38591 30.6177 0.846755 1
p 1.9775 30.0596 -0.597946 1
p 1.92663 34.6487 0.302088 1
p 2.65701 33.5249 0.930107 1
p 2.57077 33.7912 -0.828491 1
p 2.65701 33.5249 0.930107 1
p 2.67024 32.062 1.39695 1
p 3.03065 32.2467 0.273113 1
p 1.92663 34.6487 0.302088 1
p 0.830536 35.2455 0.391327 1
p 1.43573 34.5744 1.5076 1
p 2.38591 30.6177 0.846755 1
p 2.67024 32.062 1.39695 1
p 1.87118 30.8755 1.91083 1
p 2.65701 33.5249 0.930107 1
p 1.43573 34.5744 1.5076 1
p 2.22275 33.447 1.75814 1
p 0.952816 29.478 0.558263 1
p 2.38591 30.6177 0.846755 1
p 1.17161 29.9197 1.41107 1
p 1.87118 30.8755 1.91083 1
p 1.17161 29.9197 1.41107 1
p 2.38591 30.6177 0.846755 1
p 2.22275 33.447 1.75814 1
p 1.75036 32.1177 2.48931 1
p 2.67024 32.062 1.39695 1
p 2.22275 33.447 1.75814 1
p 1.43573 34.5744 1.5076 1
p 1.08809 33.3348 2.67826 1
p 1.87118 30.8755 1.91083 1
p 0.745305 30.8534 2.59672 1
p 1.17161 29.9197 1.41107 1
p 0.830536 35.2455 0.391327 1
p 0.291911 34.5285 2.10081 1
p 1.43573 34.5744 1.5076 1
p 0.745305 30.8534 2.59672 1
p -0.422283 29.7868 1.64869 1
p 1.17161 29.9197 1.41107 1
p 1.75036 32.1177 2.48931 1
p 1.08809 33.3348 2.67826 1
p 0.207212 32.6077 3.00597 1
p 1.08809 33.3348 2.67826 1
p 0.291911 34.5285 2.10081 1
p -0.827291 33.3888 2.73875 1
p -0.497824 29.3498 -0.373446 1
p 0.952816 29.478 0.558263 1
p -0.733843 29.4074 0.365926 1
p 0.207212 32.6077 3.00597 1
p -0.614639 31.7647 2.94738 1
p 0.745305 30.8534 2.59672 1
p -0.254826 35.3147 0.556589 1
p -0.865568 34.563 1.91735 1
p 0.291911 34.5285 2.10081 1
p 0.745305 30.8534 2.59672 1
p -0.614639 31.7647 2.94738 1
p -1.34491 30.8798 2.35437 1
p -1.34491 30.8798 2.35437 1
p -2.12882 32.9596 2.1103 1
p -2.6052 31.7527 1.50264 1
p -1.63746 34.2736 1.66168 1
p -2.12882 32.9596 2.1103 1
p -0.827291 33.3888 2.73875 1
p -1.85786 30.1456 1.06297 1
p -2.6052 31.7527 1.50264 1
p -2.91023 31.4442 0.554703 1
p -1.25458 35.0377 0.53116 1
p -2.1317 34.5483 0.181299 1
p -1.63746 34.2736 1.66168 1
p -2.12882 32.9596 2.1103 1
p -2.1317 34.5483 0.181299 1
p -2.9493 33.1736 0.290519 1
p -2.6052 31.7527 1.50264 1
p -2.9493 33.1736 0.290519 1
p -2.91023 31.4442 0.554703 1
p -1.85786 30.1456 1.06297 1
p -2.62834 30.8755 -0.494224 1
p -1.80713 29.9379 -0.461718 1
p -2.9493 33.1736 0.290519 1
p -2.96378 32.062 -0.630752 1
p -2.91023 31.4442 0.554703 1
p -0.254826 35.3147 0.556589 1
p -0.535889 35.2235 -0.789556 1
p -1.25458 35.0377 0.53116 1
p -1.80713 29.9379 -0.461718 1
p -0.497824 29.3498 -0.373446 1
p -0.733843 29.4074 0.365926 1
p -2.9493 33.1736 0.290519 1
p -2.30142 33.8629 -1.30855 1
p -2.58941 32.6867 -1.52479 1
p -2.62834 30.8755 -0.494224 1
p -1.40375 30.1436 -1.60951 1
p -1.80713 29.9379 -0.461718 1
p -2.1317 34.5483 0.181299 1
p -0.535889 35.2235 -0.789556 1
p -1.37608 34.7079 -1.32034 1
p -2.62834 30.8755 -0.494224 1
p -2.39338 31.408 -1.62076 1
p -1.40375 30.1436 -1.60951 1
p -2.58941 32.6867 -1.52479 1
p -1.88931 32.3331 -2.39729 1
p -2.39338 31.408 -1.62076 1
p -2.58941 32.6867 -1.52479 1
p -2.30142 33.8629 -1.30855 1
p -1.88931 32.3331 -2.39729 1
p -1.88931 32.3331 -2.39729 1
p -0.894876 31.0956 -2.66382 1
p -2.39338 31.408 -1.62076 1
p -2.39338 31.408 -1.62076 1
p -0.894876 31.0956 -2.66382 1
p -1.40375 30.1436 -1.60951 1
p -1.37608 34.7079 -1.32034 1
p -1.22371 34.0062 -2.23827 1
p -2.30142 33.8629 -1.30855 1
p -0.497824 29.3498 -0.373446 1
p -1.40375 30.1436 -1.60951 1
p -0.054129 29.6144 -1.32961 1
p -1.88931 32.3331 -2.39729 1
p -1.22371 34.0062 -2.23827 1
p -0.876113 32.58 -2.88802 1
p -1.88931 32.3331 -2.39729 1
p -0.876113 32.58 -2.88802 1
p -0.894876 31.0956 -2.66382 1
p -0.535889 35.2235 -0.789556 1
p 0.379567 34.7003 -1.90826 1
p -1.37608 34.7079 -1.32034 1
p -1.37608 34.7079 -1.32034 1
p 0.379567 34.7003 -1.90826 1
p -1.22371 34.0062 -2.23827 1
p -1.22371 34.0062 -2.23827 1
p 0.379567 34.7003 -1.90826 1
p 0.078588 33.4958 -2.83616 1
p -0.876113 32.58 -2.88802 1
p 0.078588 33.4958 -2.83616 1
p 0.525994 31.8012 -2.9568 1
p -0.535889 35.2235 -0.789556 1
p -0.254826 35.3147 0.556589 1
p 0.505536 35.2194 -0.737311 1
p -0.876113 32.58 -2.88802 1
p 0.525994 31.8012 -2.9568 1
p -0.894876 31.0956 -2.66382 1
p -0.894876 31.0956 -2.66382 1
p 0.525994 31.8012 -2.9568 1
p -0.025398 30.4371 -2.36603 1
p 0.379567 34.7003 -1.90826 1
p -0.535889 35.2235 -0.789556 1
p 0.505536 35.2194 -0.737311 1
p 0.525994 31.8012 -2.9568 1
p 1.62767 31.444 -2.40339 1
p 1.0557 30.1684 -1.89509 1
p 1.44311 32.6063 -2.65086 1
p 2.73 32.6411 -1.40219 1
p 1.62767 31.444 -2.40339 1
p 1.62767 31.444 -2.40339 1
p 2.35624 31.0932 -1.49156 1
p 1.0557 30.1684 -1.89509 1
p 0.379567 34.7003 -1.90826 1
p 1.70401 34.6794 -0.910795 1
p 1.25226 33.7653 -2.40595 1
p 1.0557 30.1684 -1.89509 1
p 1.9775 30.0596 -0.597946 1
p 0.639158 29.4373 -0.585126 1
p 2.73 32.6411 -1.40219 1
p 1.25226 33.7653 -2.40595 1
p 2.57077 33.7912 -0.828491 1
p 1.70401 34.6794 -0.910795 1
p 0.505536 35.2194 -0.737311 1
p 0.830536 35.2455 0.391327 1
p 2.57077 33.7912 -0.828491 1
p 1.70401 34.6794 -0.910795 1
p 1.92663 34.6487 0.302088 1
p 3.03065 32.2467 0.273113 1
p 2.57077 33.7912 -0.828491 1
p 2.65701 33.5249 0.930107 1
p 1.9775 30.0596 -0.597946 1
p 2.38591 30.6177 0.846755 1
p 0.952816 29.478 0.558263 1
p 3.03065 32.2467 0.273113 1
p 2.67024 32.062 1.39695 1
p 2.38591 30.6177 0.846755 1
p 2.65701 33.5249 0.930107 1
p 2.22275 33.447 1.75814 1
p 2.67024 32.062 1.39695 1
p 2.65701 33.5249 0.930107 1
p 1.92663 34.6487 0.302088 1
p 1.43573 34.5744 1.5076 1
p 1.87118 30.8755 1.91083 1
p 2.67024 32.062 1.39695 1
p 1.75036 32.1177 2.48931 1
p 1.75036 32.1177 2.48931 1
p 2.22275 33.447 1.75814 1
p 1.08809 33.3348 2.67826 1
p 1.87118 30.8755 1.91083 1
p 1.75036 32.1177 2.48931 1
p 0.745305 30.8534 2.59672 1
p 1.75036 32.1177 2.48931 1
p 0.207212 32.6077 3.00597 1
p 0.745305 30.8534 2.59672 1
p 1.08809 33.3348 2.67826 1
p 1.43573 34.5744 1.5076 1
p 0.291911 34.5285 2.10081 1
p 1.17161 29.9197 1.41107 1
p -0.422283 29.7868 1.64869 1
p 0.952816 29.478 0.558263 1
p 1.08809 33.3348 2.67826 1
p -0.827291 33.3888 2.73875 1
p 0.207212 32.6077 3.00597 1
p 0.952816 29.478 0.558263 1
p -0.422283 29.7868 1.64869 1
p -0.733843 29.4074 0.365926 1
p 0.291911 34.5285 2.10081 1
p 0.830536 35.2455 0.391327 1
p -0.254826 35.3147 0.556589 1
p -0.422283 29.7868 1.64869 1
p 0.745305 30.8534 2.59672 1
p -1.34491 30.8798 2.35437 1
p 0.291911 34.5285 2.10081 1
p -0.865568 34.563 1.91735 1
p -0.827291 33.3888 2.73875 1
p 0.207212 32.6077 3.00597 1
p -0.827291 33.3888 2.73875 1
p -0.614639 31.7647 2.94738 1
p -0.865568 34.563 1.91735 1
p -1.63746 34.2736 1.66168 1
p -0.827291 33.3888 2.73875 1
p -0.614639 31.7647 2.94738 1
p -0.827291 33.3888 2.73875 1
p -2.12882 32.9596 2.1103 1
p -0.614639 31.7647 2.94738 1
p -2.12882 32.9596 2.1103 1
p -1.34491 30.8798 2.35437 1
p -0.865568 34.563 1.91735 1
p -0.254826 35.3147 0.556589 1
p -1.25458 35.0377 0.53116 1
p -1.34491 30.8798 2.35437 1
p -1.85786 30.1456 1.06297 1
p -0.422283 29.7868 1.64869 1
p -1.85786 30.1456 1.06297 1
p -1.34491 30.8798 2.35437 1
p -2.6052 31.7527 1.50264 1
p -0.865568 34.563 1.91735 1
p -1.25458 35.0377 0.53116 1
p -1.63746 34.2736 1.66168 1
p -0.733843 29.4074 0.365926 1
p -0.422283 29.7868 1.64869 1
p -1.85786 30.1456 1.06297 1
p -2.6052 31.7527 1.50264 1
p -2.12882 32.9596 2.1103 1
p -2.9493 33.1736 0.290519 1
p -2.12882 32.9596 2.1103 1
p -1.63746 34.2736 1.66168 1
p -2.1317 34.5483 0.181299 1
p -2.91023 31.4442 0.554703 1
p -2.96378 32.062 -0.630752 1
p -2.62834 30.8755 -0.494224 1
p -1.85786 30.1456 1.06297 1
p -2.91023 31.4442 0.554703 1
p -2.62834 30.8755 -0.494224 1
p -0.733843 29.4074 0.365926 1
p -1.85786 30.1456 1.06297 1
p -1.80713 29.9379 -0.461718 1
p -2.1317 34.5483 0.181299 1
p -2.30142 33.8629 -1.30855 1
p -2.9493 33.1736 0.290519 1
p -1.25458 35.0377 0.53116 1
p -0.535889 35.2235 -0.789556 1
p -2.1317 34.5483 0.181299 1
p -2.9493 33.1736 0.290519 1
p -2.58941 32.6867 -1.52479 1
p -2.96378 32.062 -0.630752 1
p -2.96378 32.062 -0.630752 1
p -2.39338 31.408 -1.62076 1
p -2.62834 30.8755 -0.494224 1
p -2.1317 34.5483 0.181299 1
p -1.37608 34.7079 -1.32034 1
p -2.30142 33.8629 -1.30855 1
p -2.96378 32.062 -0.630752 1
p -2.58941 32.6867 -1.52479 1
p -2.39338 31.408 -1.62076 1
p -1.80713 29.9379 -0.461718 1
p -1.40375 30.1436 -1.60951 1
p -0.497824 29.3498 -0.373446 1
p -1.88931 32.3331 -2.39729 1
p -2.30142 33.8629 -1.30855 1
p -1.22371 34.0062 -2.23827 1
p -1.22371 34.0062 -2.23827 1
p 0.078588 33.4958 -2.83616 1
p -0.876113 32.58 -2.88802 1
p -1.40375 30.1436 -1.60951 1
p -0.894876 31.0956 -2.66382 1
p -0.025398 30.4371 -2.36603 1
p -1.40375 30.1436 -1.60951 1
p -0.025398 30.4371 -2.36603 1
p -0.054129 29.6144 -1.32961 1
n 0.0125 0.3665 -0.9303
n 0.1138 0.7759 -0.6205
n 0.4524 0.4684 -0.7589
n 0.0061 -0.6213 -0.7836
n 0.3527 -0.6969 -0.6245
n -0.0317 -0.8876 -0.4596
n -0.1657 -0.9768 -0.1354
n -0.0317 -0.8876 -0.4596
n 0.2311 -0.953 -0.1961
n 0.1563 -0.1805 -0.9711
n 0.3527 -0.6969 -0.6245
n 0.0061 -0.6213 -0.7836
n 0.0125 0.3665 -0.9303
n 0.4524 0.4684 -0.7589
n 0.4975 0.0974 -0.862
n 0.0125 0.3665 -0.9303
n 0.4975 0.0974 -0.862
n 0.1563 -0.1805 -0.9711
n 0.3527 -0.6969 -0.6245
n 0.2311 -0.953 -0.1961
n -0.0317 -0.8876 -0.4596
n 0.4975 0.0974 -0.862
n 0.537 -0.2956 -0.7901
n 0.1563 -0.1805 -0.9711
n 0.1138 0.7759 -0.6205
n 0.1845 0.9524 -0.2425
n 0.5496 0.7701 -0.324
n 0.4975 0.0974 -0.862
n 0.4524 0.4684 -0.7589
n 0.8751 0.1075 -0.4719
n 0.1845 0.9524 -0.2425
n -0.0763 0.9757 0.2056
n 0.2729 0.9517 0.1405
n 0.8751 0.1075 -0.4719
n 0.7647 -0.4027 -0.5031
n 0.537 -0.2956 -0.7901
n 0.3527 -0.6969 -0.6245
n 0.7647 -0.4027 -0.5031
n 0.6441 -0.743 -0.182
n 0.5496 0.7701 -0.324
n 0.8406 0.4695 -0.2701
n 0.4524 0.4684 -0.7589
n 0.7647 -0.4027 -0.5031
n 0.8751 0.1075 -0.4719
n 0.9374 -0.3135 -0.1516
n 0.6441 -0.743 -0.182
n 0.3081 -0.9341 0.1805
n 0.2311 -0.953 -0.1961
n 0.7647 -0.4027 -0.5031
n 0.9374 -0.3135 -0.1516
n 0.6441 -0.743 -0.182
n 0.2729 0.9517 0.1405
n 0.6521 0.7518 0.098
n 0.5496 0.7701 -0.324
n 0.8751 0.1075 -0.4719
n 0.8406 0.4695 -0.2701
n 0.9964 -0.0188 0.0832
n -0.1657 -0.9768 -0.1354
n 0.2311 -0.953 -0.1961
n 0.3081 -0.9341 0.1805
n 0.8751 0.1075 -0.4719
n 0.9964 -0.0188 0.0832
n 0.9374 -0.3135 -0.1516
n 0.9964 -0.0188 0.0832
n 0.7897 -0.5578 0.2553
n 0.9374 -0.3135 -0.1516
n 0.9374 -0.3135 -0.1516
n 0.7897 -0.5578 0.2553
n 0.6441 -0.743 -0.182
n 0.6521 0.7518 0.098
n 0.8803 0.3927 0.2663
n 0.8406 0.4695 -0.2701
n 0.8803 0.3927 0.2663
n 0.8794 -0.0975 0.4661
n 0.9964 -0.0188 0.0832
n 0.6521 0.7518 0.098
n 0.2729 0.9517 0.1405
n 0.4653 0.7322 0.4974
n 0.7897 -0.5578 0.2553
n 0.8794 -0.0975 0.4661
n 0.6243 -0.4678 0.6256
n 0.8803 0.3927 0.2663
n 0.4653 0.7322 0.4974
n 0.7172 0.3534 0.6006
n 0.3081 -0.9341 0.1805
n 0.7897 -0.5578 0.2553
n 0.3775 -0.7913 0.481
n 0.6243 -0.4678 0.6256
n 0.3775 -0.7913 0.481
n 0.7897 -0.5578 0.2553
n 0.7172 0.3534 0.6006
n 0.5658 -0.0683 0.8217
n 0.8794 -0.0975 0.4661
n 0.7172 0.3534 0.6006
n 0.4653 0.7322 0.4974
n 0.3437 0.3391 0.8757
n 0.6243 -0.4678 0.6256
n 0.2134 -0.4778 0.8522
n 0.3775 -0.7913 0.481
n 0.2729 0.9517 0.1405
n 0.1006 0.7179 0.6888
n 0.4653 0.7322 0.4974
n 0.2134 -0.4778 0.8522
n -0.1218 -0.8252 0.5516
n 0.3775 -0.7913 0.481
n 0.5658 -0.0683 0.8217
n 0.3437 0.3391 0.8757
n 0.0878 0.0828 0.9927
n 0.3437 0.3391 0.8757
n 0.1006 0.7179 0.6888
n -0.2691 0.3369 0.9023
n -0.1657 -0.9768 -0.1354
n 0.3081 -0.9341 0.1805
n -0.2418 -0.9583 0.1524
n 0.0878 0.0828 0.9927
n -0.2201 -0.1827 0.9582
n 0.2134 -0.4778 0.8522
n -0.0763 0.9757 0.2056
n -0.2665 0.7364 0.6219
n 0.1006 0.7179 0.6888
n 0.2134 -0.4778 0.8522
n -0.2201 -0.1827 0.9582
n -0.4445 -0.4578 0.7699
n -0.4445 -0.4578 0.7699
n -0.7026 0.203 0.6821
n -0.8287 -0.1765 0.5312
n -0.6114 0.5973 0.5191
n -0.7026 0.203 0.6821
n -0.2691 0.3369 0.9023
n -0.6178 -0.7084 0.3414
n -0.8287 -0.1765 0.5312
n -0.9369 -0.2975 0.1835
n -0.4096 0.897 0.1662
n -0.7084 0.7022 0.0707
n -0.6114 0.5973 0.5191
n -0.7026 0.203 0.6821
n -0.7084 0.7022 0.0707
n -0.9472 0.297 0.1204
n -0.8287 -0.1765 0.5312
n -0.9472 0.297 0.1204
n -0.9369 -0.2975 0.1835
n -0.6178 -0.7084 0.3414
n -0.8438 -0.5095 -0.1688
n -0.6005 -0.7873 -0.1395
n -0.9472 0.297 0.1204
n -0.9743 -0.0612 -0.2167
n -0.9369 -0.2975 0.1835
n -0.0763 0.9757 0.2056
n -0.1937 0.947 -0.2565
n -0.4096 0.897 0.1662
n -0.6005 -0.7873 -0.1395
n -0.1657 -0.9768 -0.1354
n -0.2418 -0.9583 0.1524
n -0.9472 0.297 0.1204
n -0.7681 0.4798 -0.424
n -0.8569 0.1435 -0.4951
n -0.8438 -0.5095 -0.1688
n -0.4646 -0.709 -0.5306
n -0.6005 -0.7873 -0.1395
n -0.7084 0.7022 0.0707
n -0.1937 0.947 -0.2565
n -0.4395 0.7945 -0.4191
n -0.8438 -0.5095 -0.1688
n -0.7685 -0.3288 -0.5489
n -0.4646 -0.709 -0.5306
n -0.8569 0.1435 -0.4951
n -0.6166 0.0137 -0.7872
n -0.7685 -0.3288 -0.5489
n -0.8569 0.1435 -0.4951
n -0.7681 0.4798 -0.424
n -0.6166 0.0137 -0.7872
n -0.6166 0.0137 -0.7872
n -0.3067 -0.3914 -0.8676
n -0.7685 -0.3288 -0.5489
n -0.7685 -0.3288 -0.5489
n -0.3067 -0.3914 -0.8676
n -0.4646 -0.709 -0.5306
n -0.4395 0.7945 -0.4191
n -0.3968 0.5322 -0.7479
n -0.7681 0.4798 -0.424
n -0.1657 -0.9768 -0.1354
n -0.4646 -0.709 -0.5306
n -0.0317 -0.8876 -0.4596
n -0.6166 0.0137 -0.7872
n -0.3968 0.5322 -0.7479
n -0.2774 0.0849 -0.957
n -0.6166 0.0137 -0.7872
n -0.2774 0.0849 -0.957
n -0.3067 -0.3914 -0.8676
n -0.1937 0.947 -0.2565
n 0.1138 0.7759 -0.6205
n -0.4395 0.7945 -0.4191
n -0.4395 0.7945 -0.4191
n 0.1138 0.7759 -0.6205
n -0.3968 0.5322 -0.7479
n -0.3968 0.5322 -0.7479
n 0.1138 0.7759 -0.6205
n 0.0125 0.3665 -0.9303
n -0.2774 0.0849 -0.957
n 0.0125 0.3665 -0.9303
n 0.1563 -0.1805 -0.9711
n -0.1937 0.947 -0.2565
n -0.0763 0.9757 0.2056
n 0.1845 0.9524 -0.2425
n -0.2774 0.0849 -0.957
n 0.1563 -0.1805 -0.9711
n -0.3067 -0.3914 -0.8676
n -0.3067 -0.3914 -0.8676
n 0.1563 -0.1805 -0.9711
n 0.0061 -0.6213 -0.7836
n 0.1138 0.7759 -0.6205
n -0.1937 0.947 -0.2565
n 0.1845 0.9524 -0.2425
n 0.1563 -0.1805 -0.9711
n 0.537 -0.2956 -0.7901
n 0.3527 -0.6969 -0.6245
n 0.4975 0.0974 -0.862
n 0.8751 0.1075 -0.4719
n 0.537 -0.2956 -0.7901
n 0.537 -0.2956 -0.7901
n 0.7647 -0.4027 -0.5031
n 0.3527 -0.6969 -0.6245
n 0.1138 0.7759 -0.6205
n 0.5496 0.7701 -0.324
n 0.4524 0.4684 -0.7589
n 0.3527 -0.6969 -0.6245
n 0.6441 -0.743 -0.182
n 0.2311 -0.953 -0.1961
n 0.8751 0.1075 -0.4719
n 0.4524 0.4684 -0.7589
n 0.8406 0.4695 -0.2701
n 0.5496 0.7701 -0.324
n 0.1845 0.9524 -0.2425
n 0.2729 0.9517 0.1405
n 0.8406 0.4695 -0.2701
n 0.5496 0.7701 -0.324
n 0.6521 0.7518 0.098
n 0.9964 -0.0188 0.0832
n 0.8406 0.4695 -0.2701
n 0.8803 0.3927 0.2663
n 0.6441 -0.743 -0.182
n 0.7897 -0.5578 0.2553
n 0.3081 -0.9341 0.1805
n 0.9964 -0.0188 0.0832
n 0.8794 -0.0975 0.4661
n 0.7897 -0.5578 0.2553
n 0.8803 0.3927 0.2663
n 0.7172 0.3534 0.6006
n 0.8794 -0.0975 0.4661
n 0.8803 0.3927 0.2663
n 0.6521 0.7518 0.098
n 0.4653 0.7322 0.4974
n 0.6243 -0.4678 0.6256
n 0.8794 -0.0975 0.4661
n 0.5658 -0.0683 0.8217
n 0.5658 -0.0683 0.8217
n 0.7172 0.3534 0.6006
n 0.3437 0.3391 0.8757
n 0.6243 -0.4678 0.6256
n 0.5658 -0.0683 0.8217
n 0.2134 -0.4778 0.8522
n 0.5658 -0.0683 0.8217
n 0.0878 0.0828 0.9927
n 0.2134 -0.4778 0.8522
n 0.3437 0.3391 0.8757
n 0.4653 0.7322 0.4974
n 0.1006 0.7179 0.6888
n 0.3775 -0.7913 0.481
n -0.1218 -0.8252 0.5516
n 0.3081 -0.9341 0.1805
n 0.3437 0.3391 0.8757
n -0.2691 0.3369 0.9023
n 0.0878 0.0828 0.9927
n 0.3081 -0.9341 0.1805
n -0.1218 -0.8252 0.5516
n -0.2418 -0.9583 0.1524
n 0.1006 0.7179 0.6888
n 0.2729 0.9517 0.1405
n -0.0763 0.9757 0.2056
n -0.1218 -0.8252 0.5516
n 0.2134 -0.4778 0.8522
n -0.4445 -0.4578 0.7699
n 0.1006 0.7179 0.6888
n -0.2665 0.7364 0.6219
n -0.2691 0.3369 0.9023
n 0.0878 0.0828 0.9927
n -0.2691 0.3369 0.9023
n -0.2201 -0.1827 0.9582
n -0.2665 0.7364 0.6219
n -0.6114 0.5973 0.5191
n -0.2691 0.3369 0.9023
n -0.2201 -0.1827 0.9582
n -0.2691 0.3369 0.9023
n -0.7026 0.203 0.6821
n -0.2201 -0.1827 0.9582
n -0.7026 0.203 0.6821
n -0.4445 -0.4578 0.7699
n -0.2665 0.7364 0.6219
n -0.0763 0.9757 0.2056
n -0.4096 0.897 0.1662
n -0.4445 -0.4578 0.7699
n -0.6178 -0.7084 0.3414
n -0.1218 -0.8252 0.5516
n -0.6178 -0.7084 0.3414
n -0.4445 -0.4578 0.7699
n -0.8287 -0.1765 0.5312
n -0.2665 0.7364 0.6219
n -0.4096 0.897 0.1662
n -0.6114 0.5973 0.5191
n -0.2418 -0.9583 0.1524
n -0.1218 -0.8252 0.5516
n -0.6178 -0.7084 0.3414
n -0.8287 -0.1765 0.5312
n -0.7026 0.203 0.6821
n -0.9472 0.297 0.1204
n -0.7026 0.203 0.6821
n -0.6114 0.5973 0.5191
n -0.7084 0.7022 0.0707
n -0.9369 -0.2975 0.1835
n -0.9743 -0.0612 -0.2167
n -0.8438 -0.5095 -0.1688
n -0.6178 -0.7084 0.3414
n -0.9369 -0.2975 0.1835
n -0.8438 -0.5095 -0.1688
n -0.2418 -0.9583 0.1524
n -0.6178 -0.7084 0.3414
n -0.6005 -0.7873 -0.1395
n -0.7084 0.7022 0.0707
n -0.7681 0.4798 -0.424
n -0.9472 0.297 0.1204
n -0.4096 0.897 0.1662
n -0.1937 0.947 -0.2565
n -0.7084 0.7022 0.0707
n -0.9472 0.297 0.1204
n -0.8569 0.1435 -0.4951
n -0.9743 -0.0612 -0.2167
n -0.9743 -0.0612 -0.2167
n -0.7685 -0.3288 -0.5489
n -0.8438 -0.5095 -0.1688
n -0.7084 0.7022 0.0707
n -0.4395 0.7945 -0.4191
n -0.7681 0.4798 -0.424
n -0.9743 -0.0612 -0.2167
n -0.8569 0.1435 -0.4951
n -0.7685 -0.3288 -0.5489
n -0.6005 -0.7873 -0.1395
n -0.4646 -0.709 -0.5306
n -0.1657 -0.9768 -0.1354
n -0.6166 0.0137 -0.7872
n -0.7681 0.4798 -0.424
n -0.3968 0.5322 -0.7479
n -0.3968 0.5322 -0.7479
n 0.0125 0.3665 -0.9303
n -0.2774 0.0849 -0.957
n -0.4646 -0.709 -0.5306
n -0.3067 -0.3914 -0.8676
n 0.0061 -0.6213 -0.7836
n -0.4646 -0.709 -0.5306
n 0.0061 -0.6213 -0.7836
n -0.0317 -0.8876 -0.4596
t 0 0
t 0 0
t 0 0
t 0 0
t 0 0
t 0 0
t 0 0
t 0 0
t 0 0
t 0 0
t 0 0
t 0 0
t 0 0
t 0 0
t 0 0
t 0 0
t 0 0
t 0 0
t 0 0
t 0 0
t 0 0
t 0 0
t 0 0
t 0 0
t 0 0
t 0 0
t 0 0
t 0 0
t 0 0
t 0 0
t 0 0
t 0 0
t 0 0
t 0 0
t 0 0
t 0 0
t 0 0
t 0 0
t 0 0
t 0 0
t 0 0
t 0 0
t 0 0
t 0 0
t 0 0
t 0 0
t 0 0
t 0 0
t 0 0
t 0 0
t 0 0
t 0 0
t 0 0
t 0 0
t 0 0
t 0 0
t 0 0
t 0 0
t 0 0
t 0 0
t 0 0
t 0 0
t 0 0
t 0 0
t 0 0
t 0 0
t 0 0
t 0 0
t 0 0
t 0 0
t 0 0
t 0 0
t 0 0
t 0 0
t 0 0
t 0 0
t 0 0
t 0 0
t 0 0
t 0 0
t 0 0
t 0 0
t 0 0
t 0 0
t 0 0
t 0 0
t 0 0
t 0 0
t 0 0
t 0 0
t 0 0
t 0 0
t 0 0
t 0 0
t 0 0
t 0 0
t 0 0
t 0 0
t 0 0
t 0 0
t 0 0
t 0 0
t 0 0
t 0 0
t 0 0
t 0 0
t 0 0
t 0 0
t 0 0
t 0 0
t 0 0
t 0 0
t 0 0
t 0 0
t 0 0
t 0 0
t 0 0
t 0 0
t 0 0
t 0 0
t 0 0
t 0 0
t 0 0
t 0 0
t 0 0
t 0 0
t 0 0
t 0 0
t 0 0
t 0 0
t 0 0
t 0 0
t 0 0
t 0 0
t 0 0
t 0 0
t 0 0
t 0 0
t 0 0
t 0 0
t 0 0
t 0 0
t 0 0
t 0 0
t 0 0
t 0 0
t 0 0
t 0 0
t 0 0
t 0 0
t 0 0
t 0 0
t 0 0
t 0 0
t 0 0
t 0 0
t 0 0
t 0 0
t 0 0
t 0 0
t 0 0
t 0 0
t 0 0
t 0 0
t 0 0
t 0 0
t 0 0
t 0 0
t 0 0
t 0 0
t 0 0
t 0 0
t 0 0
t 0 0
t 0 0
t 0 0
t 0 0
t 0 0
t 0 0
t 0 0
t 0 0
t 0 0
t 0 0
t 0 0
t 0 0
t 0 0
t 0 0
t 0 0
t 0 0
t 0 0
t 0 0
t 0 0
t 0 0
t 0 0
t 0 0
t 0 0
t 0 0
t 0 0
t 0 0
t 0 0
t 0 0
t 0 0
t 0 0
t 0 0
t 0 0
t 0 0
t 0 0
t 0 0
t 0 0
t 0 0
t 0 0
t 0 0
t 0 0
t 0 0
t 0 0
t 0 0
t 0 0
t 0 0
t 0 0
t 0 0
t 0 0
t 0 0
t 0 0
t 0 0
t 0 0
t 0 0
t 0 0
t 0 0
t 0 0
t 0 0
t 0 0
t 0 0
t 0 0
t 0 0
t 0 0
t 0 0
t 0 0
t 0 0
t 0 0
t 0 0
t 0 0
t 0 0
t 0 0
t 0 0
t 0 0
t 0 0
t 0 0
t 0 0
t 0 0
t 0 0
t 0 0
t 0 0
t 0 0
t 0 0
t 0 0
t 0 0
t 0 0
t 0 0
t 0 0
t 0 0
t 0 0
t 0 0
t 0 0
t 0 0
t 0 0
t 0 0
t 0 0
t 0 0
t 0 0
t 0 0
t 0 0
t 0 0
t 0 0
t 0 0
t 0 0
t 0 0
t 0 0
t 0 0
t 0 0
t 0 0
t 0 0
t 0 0
t 0 0
t 0 0
t 0 0
t 0 0
t 0 0
t 0 0
t 0 0
t 0 0
t 0 0
t 0 0
t 0 0
t 0 0
t 0 0
t 0 0
t 0 0
t 0 0
t 0 0
t 0 0
t 0 0
t 0 0
t 0 0
t 0 0
t 0 0
t 0 0
t 0 0
t 0 0
t 0 0
t 0 0
t 0 0
t 0 0
t 0 0
t 0 0
t 0 0
t 0 0
t 0 0
t 0 0
t 0 0
t 0 0
t 0 0
t 0 0
t 0 0
t 0 0
t 0 0
t 0 0
t 0 0
t 0 0
t 0 0
t 0 0
t 0 0
t 0 0
t 0 0
t 0 0
t 0 0
t 0 0
t 0 0
t 0 0
t 0 0
t 0 0
t 0 0
t 0 0
t 0 0
t 0 0
t 0 0
t 0 0
t 0 0
t 0 0
t 0 0
t 0 0
t 0 0
t 0 0
t 0 0
t 0 0
t 0 0
t 0 0
t 0 0
t 0 0
t 0 0
t 0 0
i 0
i 1
i 2
i 3
i 4
i 5
i 6
i 7
i 8
i 9
i 10
i 11
i 12
i 13
i 14
i 15
i 16
i 17
i 18
i 19
i 20
i 21
i 22
i 23
i 24
i 25
i 26
i 27
i 28
i 29
i 30
i 31
i 32
i 33
i 34
i 35
i 36
i 37
i 38
i 39
i 40
i 41
i 42
i 43
i 44
i 45
i 46
i 47
i 48
i 49
i 50
i 51
i 52
i 53
i 54
i 55
i 56
i 57
i 58
i 59
i 60
i 61
i 62
i 63
i 64
i 65
i 66
i 67
i 68
i 69
i 70
i 71
i 72
i 73
i 74
i 75
i 76
i 77
i 78
i 79
i 80
i 81
i 82
i 83
i 84
i 85
i 86
i 87
i 88
i 89
i 90
i 91
i 92
i 93
i 94
i 95
i 96
i 97
i 98
i 99
i 100
i 101
i 102
i 103
i 104
i 105
i 106
i 107
i 108
i 109
i 110
i 111
i 112
i 113
i 114
i 115
i 116
i 117
i 118
i 119
i 120
i 121
i 122
i 123
i 124
i 125
i 126
i 127
i 128
i 129
i 130
i 131
i 132
i 133
i 134
i 135
i 136
i 137
i 138
i 139
i 140
i 141
i 142
i 143
i 144
i 145
i 146
i 147
i 148
i 149
i 150
i 151
i 152
i 153
i 154
i 155
i 156
i 157
i 158
i 159
i 160
i 161
i 162
i 163
i 164
i 165
i 166
i 167
i 168
i 169
i 170
i 171
i 172
i 173
i 174
i 175
i 176
i 177
i 178
i 179
i 180
i 181
i 182
i 183
i 184
i 185
i 186
i 187
i 188
i 189
i 190
i 191
i 192
i 193
i 194
i 195
i 196
i 197
i 198
i 199
i 200
i 201
i 202
i 203
i 204
i 205
i 206
i 207
i 208
i 209
i 210
i 211
i 212
i 213
i 214
i 215
i 216
i 217
i 218
i 219
i 220
i 221
i 222
i 223
i 224
i 225
i 226
i 227
i 228
i 229
i 230
i 231
i 232
i 233
i 234
i 235
i 236
i 237
i 238
i 239
i 240
i 241
i 242
i 243
i 244
i 245
i 246
i 247
i 248
i 249
i 250
i 251
i 252
i 253
i 254
i 255
i 256
i 257
i 258
i 259
i 260
i 261
i 262
i 263
i 264
i 265
i 266
i 267
i 268
i 269
i 270
i 271
i 272
i 273
i 274
i 275
i 276
i 277
i 278
i 279
i 280
i 281
i 282
i 283
i 284
i 285
i 286
i 287
i 288
i 289
i 290
i 291
i 292
i 293
i 294
i 295
i 296
i 297
i 298
i 299
i 300
i 301
i 302
i 303
i 304
i 305
i 306
i 307
i 308
i 309
i 310
i 311
i 312
i 313
i 314
i 315
i 316
i 317
i 318
i 319
i 320
i 321
i 322
i 323
i 324
i 325
i 326
i 327
i 328
i 329
i 330
i 331
i 332
i 333
i 334
i 335
i 336
i 337
i 338
i 339
i 340
i 341
i 342
i 343
i 344
i 345
i 346
i 347
i 348
i 349
i 350
i 351
i 352
i 353
i 354
i 355
i 356
i 357
i 358
i 359
newmaterial
ka 0.05 0.05 0.05
kd 0.253835 0.004104 0.005495
ks 0.132053 0.098056 0.001969
ns 92.1569
d 1
endmaterial
endmesh
